[header]
width=128
height=32
tilewidth=21
tileheight=21
orientation=orthogonal

[tilesets]
tileset=../../../assets/graphics/Platformer assets pixel (900 assets)/spritesheet.png,21,21,0,0

[layer]
type=Tile Layer 1
data=
391,391,391,391,391,391,391,391,391,391,391,391,391,391,391,391,391,391,391,391,391,391,391,391,391,391,391,391,391,391,391,391,391,391,391,391,391,391,391,391,391,391,391,391,391,391,391,391,391,391,391,391,391,391,391,391,391,391,391,391,391,391,391,391,391,391,391,391,391,391,391,391,391,391,391,391,391,391,391,391,391,391,391,391,391,391,391,391,391,391,391,391,391,391,391,391,391,391,391,391,391,391,391,391,391,391,391,391,391,391,391,391,391,391,391,391,391,391,391,391,391,391,391,391,391,391,391,391,
391,391,391,391,391,391,391,391,391,391,391,391,391,391,391,391,391,391,391,391,391,391,391,391,391,391,391,391,391,391,391,391,391,391,391,391,391,391,391,391,391,391,391,391,391,391,391,391,391,391,391,391,391,391,391,391,391,391,391,391,391,391,391,391,391,391,391,391,391,391,391,391,391,391,391,391,391,391,391,391,391,391,391,391,391,391,391,391,391,391,391,391,391,391,391,391,391,391,391,391,391,391,391,391,391,391,391,391,391,391,391,391,391,391,391,391,391,391,391,391,391,391,391,391,391,391,391,391,
391,391,391,391,391,391,391,391,391,391,391,391,391,391,391,391,391,391,391,391,391,391,391,391,391,391,391,391,391,391,391,391,391,391,391,391,391,391,391,391,391,391,391,391,391,391,391,391,391,391,391,391,391,391,391,391,391,391,391,391,391,391,391,391,391,391,391,391,391,391,391,391,391,391,391,391,391,391,391,391,391,391,391,391,391,391,391,391,391,391,391,391,391,391,391,391,391,391,391,391,391,391,391,391,391,391,391,391,391,391,391,391,391,391,391,391,391,391,391,391,391,391,391,391,391,391,391,391,
391,391,391,391,391,391,391,391,391,391,391,391,391,391,391,391,391,391,391,391,391,391,391,391,391,391,391,391,391,391,391,391,391,391,391,391,391,391,391,391,391,391,391,391,391,391,391,391,391,391,391,391,391,391,391,391,391,391,391,391,391,391,391,391,391,391,391,391,391,391,391,391,391,391,391,391,391,391,391,391,391,391,391,391,391,391,391,391,391,391,391,391,391,391,391,391,391,391,391,391,391,391,391,391,391,391,391,391,391,391,391,391,391,391,391,391,391,391,391,391,391,391,391,391,391,391,391,391,
391,391,391,391,391,391,391,391,391,391,391,391,391,391,391,391,391,391,391,391,391,391,391,391,391,391,391,391,391,391,391,391,391,391,391,391,391,391,391,391,391,391,391,391,391,391,391,391,391,391,391,391,391,391,391,391,391,391,391,391,391,391,391,391,391,391,391,391,391,391,391,391,391,391,391,391,391,391,391,391,391,391,391,391,391,391,391,391,391,391,391,391,391,391,391,391,391,391,391,391,391,391,391,391,391,391,391,391,391,391,391,391,391,391,391,391,391,391,391,391,391,391,391,391,391,391,391,391,
391,391,391,391,391,391,391,391,391,391,391,391,391,391,391,391,391,391,391,391,391,391,391,391,391,391,391,391,391,391,391,391,391,391,391,391,391,391,391,391,391,391,391,391,391,391,391,391,391,391,391,391,391,391,391,391,391,391,391,391,391,391,391,391,391,391,391,391,391,391,391,391,391,391,391,391,391,391,391,391,391,391,391,391,391,391,391,391,391,391,391,391,391,391,391,391,391,391,391,391,391,391,391,391,391,391,391,391,391,391,391,391,391,391,391,391,391,391,391,391,391,391,391,391,391,391,391,391,
391,391,391,391,391,391,391,391,391,391,391,391,391,391,391,391,391,391,391,391,391,391,391,391,391,391,391,391,391,391,391,391,391,391,391,391,391,391,391,391,391,391,391,391,391,391,391,391,391,391,391,391,391,391,391,391,391,391,391,391,391,391,391,391,391,391,391,391,391,391,391,391,391,391,391,391,391,391,391,391,391,391,391,391,391,391,391,391,391,391,391,391,391,391,391,391,391,391,391,391,391,391,391,391,391,391,391,391,391,391,391,391,391,391,391,391,391,391,391,391,391,391,391,391,391,391,391,391,
391,391,391,391,391,391,391,391,391,391,391,391,391,391,391,391,391,391,391,391,391,391,391,391,391,391,391,391,391,391,391,391,391,391,391,391,391,391,391,391,391,391,391,391,391,391,391,391,391,391,391,391,391,391,391,391,391,391,391,391,391,391,391,391,391,391,391,391,391,391,391,391,391,391,391,391,391,391,391,391,391,391,391,391,391,391,391,391,391,391,391,391,391,391,391,391,661,391,391,391,391,391,391,391,391,391,391,391,391,391,391,391,391,391,391,391,391,391,391,391,391,391,391,391,391,391,391,391,
391,391,391,391,391,391,391,391,391,391,391,391,391,391,391,391,391,391,391,391,391,391,391,391,631,391,391,391,391,391,391,391,391,391,391,391,391,391,391,391,391,391,391,391,391,391,391,391,391,391,391,391,391,391,391,391,391,391,391,391,391,391,391,391,391,391,391,391,391,391,391,391,391,391,391,391,391,391,391,391,391,391,391,391,391,391,391,391,391,391,391,391,391,391,391,642,640,643,391,391,391,391,391,391,391,391,391,391,391,391,391,391,391,391,391,391,391,391,391,391,391,391,391,391,391,391,391,391,
391,391,391,391,391,391,391,391,391,391,391,391,391,391,391,391,391,391,391,391,391,391,391,639,640,641,391,391,391,391,391,391,391,391,391,391,391,391,391,391,391,391,391,391,391,391,391,391,391,391,391,391,391,391,391,391,391,391,391,391,391,391,391,391,391,391,391,391,391,391,391,391,391,391,391,391,391,391,391,391,391,391,391,391,391,391,391,391,391,391,391,391,391,391,391,672,670,673,391,391,391,391,391,391,391,391,391,391,391,391,391,391,391,391,391,391,391,391,391,391,391,564,564,564,391,391,391,391,
391,391,391,391,391,391,391,391,391,391,391,391,391,391,391,391,391,421,391,391,391,391,391,669,670,671,391,391,391,391,391,391,391,391,391,391,391,391,391,391,391,391,391,391,391,391,391,391,391,391,391,391,391,391,391,391,391,391,391,391,391,391,391,391,391,391,391,391,391,391,391,391,391,391,391,391,391,391,391,391,391,391,391,391,391,391,391,391,391,391,391,391,391,391,391,391,663,391,391,391,391,391,391,391,391,391,391,391,391,391,391,391,391,391,391,391,391,391,391,391,391,391,391,391,391,391,391,391,
391,391,391,391,391,391,391,391,391,391,391,391,391,391,391,391,159,159,159,391,391,391,391,391,662,391,391,391,391,391,391,391,391,391,391,391,391,391,391,391,391,391,391,391,391,391,391,391,391,391,391,391,391,391,391,391,391,391,391,391,391,391,391,391,391,391,391,391,391,391,391,391,391,391,391,391,391,391,391,391,391,391,391,391,391,391,391,391,391,391,391,391,391,391,391,99,99,99,391,391,391,391,391,391,391,391,391,391,391,391,391,391,391,391,391,391,391,391,564,564,564,391,391,391,564,564,391,391,
391,391,391,391,391,391,391,391,391,391,391,391,459,391,391,391,391,391,391,391,391,391,391,159,159,159,391,391,391,391,391,391,391,391,391,391,391,391,391,391,391,391,391,391,391,391,391,391,391,391,391,391,391,391,391,391,391,391,391,391,391,391,391,391,391,391,391,391,391,391,391,391,391,391,391,391,391,391,391,391,391,391,391,391,391,391,391,391,391,391,391,391,391,391,391,603,391,391,391,391,391,391,99,99,99,391,391,391,391,391,391,391,391,391,391,391,391,391,391,391,391,391,391,391,391,391,391,391,
391,391,391,391,391,391,391,391,391,391,391,159,159,159,391,391,391,391,391,391,391,391,391,391,391,391,391,391,391,391,391,391,644,391,391,391,391,391,391,391,391,391,391,391,391,391,391,391,391,391,391,391,391,391,391,391,391,391,391,391,391,391,391,391,391,391,391,391,391,391,391,391,391,391,391,391,391,391,391,391,391,391,391,391,391,391,391,391,391,391,391,391,391,391,487,484,484,488,603,391,391,391,391,391,391,391,391,391,391,391,391,391,391,391,564,564,564,391,391,391,391,391,391,391,391,391,391,391,
391,391,391,391,391,391,391,391,391,391,391,391,391,391,391,391,391,391,391,391,391,391,391,391,391,391,391,391,391,391,391,159,159,159,391,391,391,391,391,391,391,391,391,391,391,391,391,391,391,391,391,391,391,391,391,391,391,391,391,391,69,69,69,69,69,391,391,391,391,391,391,391,391,391,391,391,391,391,391,391,391,391,391,391,391,391,391,391,603,391,391,603,391,487,517,513,513,518,484,484,484,484,488,391,391,391,391,391,391,391,391,391,391,391,391,391,391,391,391,391,391,391,391,391,391,391,391,391,
391,391,391,391,391,391,391,391,391,391,391,391,391,391,391,391,391,391,391,391,391,391,391,391,391,391,391,391,391,391,391,391,391,391,391,391,391,391,391,391,391,391,391,391,391,391,391,391,391,391,391,391,67,68,391,391,391,391,391,391,391,391,391,391,391,391,391,391,391,391,391,391,391,391,391,391,391,391,391,391,391,391,391,391,391,391,391,487,484,484,484,484,484,517,513,513,513,513,513,513,513,513,518,488,391,391,391,391,391,391,391,391,391,391,391,391,391,391,391,391,391,391,391,391,391,391,391,391,
391,391,391,674,674,674,674,391,391,391,459,391,391,391,391,391,391,391,391,391,674,674,674,674,674,391,391,391,391,391,391,391,391,391,674,391,391,391,391,391,391,391,391,391,661,391,391,391,391,391,391,67,97,98,68,391,391,391,391,391,391,391,391,391,391,391,391,391,391,391,391,391,391,391,391,391,391,391,391,391,391,391,603,391,391,391,487,517,513,513,513,513,513,513,513,513,513,513,513,513,513,513,513,518,484,484,516,391,391,586,557,557,557,557,558,558,558,558,558,558,558,558,558,558,558,558,558,558,
124,124,124,124,124,124,124,124,124,124,124,124,124,124,124,124,124,124,124,124,124,124,124,124,124,124,124,124,124,124,124,124,124,124,124,124,391,391,391,391,391,391,391,669,670,671,391,391,391,391,67,97,93,93,98,68,391,391,391,391,391,552,553,554,391,391,391,391,391,391,391,391,391,391,391,391,391,391,391,391,487,484,484,484,484,484,517,513,513,513,513,513,513,513,513,513,513,513,513,513,513,513,513,572,572,572,391,391,391,391,391,391,587,587,587,587,587,587,587,587,587,587,587,587,587,587,587,587,
153,153,153,153,153,153,153,153,153,153,153,153,153,153,153,153,153,153,153,153,153,153,153,153,153,153,153,153,153,153,153,153,153,153,153,153,391,391,391,391,391,391,391,391,662,391,391,391,391,67,97,93,93,93,93,98,68,391,391,391,391,582,583,584,391,391,391,391,391,67,64,64,64,64,64,64,96,391,391,512,517,513,513,513,513,513,513,513,513,513,513,513,513,513,513,513,513,513,513,513,513,513,513,391,391,391,391,391,391,391,391,391,587,587,587,587,587,587,587,587,587,587,587,587,587,587,587,587,
153,153,153,153,153,153,153,153,153,153,153,153,153,153,153,153,153,153,153,153,153,153,153,153,153,153,153,153,153,153,153,153,153,153,153,153,391,391,391,391,391,391,64,64,64,64,64,64,64,97,93,93,93,93,93,93,98,64,64,64,64,64,64,64,64,64,64,64,64,97,93,93,93,93,93,93,391,391,391,391,572,513,513,513,513,513,513,513,513,513,513,513,513,513,513,513,513,513,513,513,513,513,513,391,391,391,391,391,391,391,391,391,587,587,587,587,587,587,587,587,587,587,587,587,587,587,587,587,
184,184,184,184,184,184,184,184,184,184,184,184,184,184,184,184,184,184,184,184,184,184,184,184,184,184,184,184,184,184,184,184,184,184,184,184,12,12,12,12,12,12,93,93,93,93,93,93,93,93,93,93,93,93,93,93,93,93,93,93,93,93,93,93,93,93,93,93,93,93,93,93,93,93,93,93,12,12,12,12,12,513,513,513,513,513,513,513,513,513,513,513,513,513,513,513,513,513,513,513,513,513,513,391,391,391,391,391,391,391,391,391,587,587,587,587,587,587,587,587,587,587,587,587,587,587,587,587,
213,213,213,213,213,213,213,213,213,213,213,213,213,213,213,213,213,213,213,213,213,213,213,213,213,213,213,213,213,213,213,213,213,213,213,213,41,41,41,41,41,41,93,93,93,93,93,93,93,93,93,93,93,93,93,93,93,93,93,93,93,93,93,93,93,93,93,93,93,93,93,93,93,93,93,93,41,41,41,41,578,513,513,513,513,513,513,513,513,513,513,513,513,513,513,513,513,513,513,513,513,513,513,575,575,575,575,575,575,575,575,575,587,587,587,587,587,587,587,587,587,587,587,587,587,587,587,587,
213,213,213,213,213,213,213,213,213,213,213,213,213,213,213,213,213,213,213,213,213,213,213,213,213,213,213,213,213,213,213,213,213,213,213,213,41,41,41,41,41,41,93,93,93,93,93,93,93,93,93,93,93,93,93,93,93,93,93,93,93,93,93,93,93,93,93,93,93,93,578,579,580,578,579,580,41,41,41,41,578,513,513,513,513,513,513,513,513,513,513,513,513,513,513,513,513,513,513,513,513,513,513,579,579,579,579,579,579,579,579,579,587,587,587,587,587,587,587,587,587,587,587,587,587,587,587,587,
213,213,213,213,213,213,213,213,213,213,213,213,213,213,213,213,213,213,213,213,213,213,213,213,213,213,213,213,213,213,213,213,213,213,213,213,41,41,41,41,41,41,93,93,93,93,93,93,93,93,93,93,93,93,93,93,93,93,93,93,93,93,93,93,93,93,93,93,93,93,578,579,580,578,579,580,41,41,41,41,578,513,513,513,513,513,513,513,513,513,513,513,513,513,513,513,513,513,513,513,513,513,513,579,579,579,579,579,579,579,579,579,587,587,587,587,587,587,587,587,587,587,587,587,587,587,587,587,
333,333,333,333,333,333,333,333,333,333,333,333,333,333,333,333,333,333,333,333,333,333,333,333,333,333,333,333,333,333,333,333,333,333,333,333,41,41,41,41,41,41,93,93,93,93,93,93,93,93,93,93,93,93,93,93,93,93,93,93,93,93,93,93,93,93,93,93,93,93,578,579,580,578,579,580,41,41,41,41,578,513,513,513,513,513,513,513,513,513,513,513,513,513,513,513,513,513,513,513,513,513,513,579,579,579,579,579,579,579,579,579,587,587,587,587,587,587,587,587,587,587,587,587,587,587,587,587,
333,333,333,333,333,333,333,333,333,333,333,333,333,333,333,333,333,333,333,333,333,333,333,333,333,333,333,333,333,333,333,333,333,333,333,333,41,41,41,41,41,41,93,93,93,93,93,93,93,93,93,93,93,93,93,93,93,93,93,93,93,93,93,93,93,93,93,93,93,93,578,579,580,578,579,580,41,41,41,41,578,513,513,513,513,513,513,513,513,513,513,513,513,513,513,513,513,513,513,513,513,513,513,579,579,579,579,579,579,579,579,579,587,587,587,587,587,587,587,587,587,587,587,587,587,587,587,587,
333,333,333,333,333,333,333,333,333,333,333,333,333,333,333,333,333,333,333,333,333,333,333,333,333,333,333,333,333,333,333,333,333,333,333,333,41,41,41,41,41,41,93,93,93,93,93,93,93,93,93,93,93,93,93,93,93,93,93,93,93,93,93,93,93,93,93,93,93,93,578,579,580,578,579,580,41,41,41,41,578,513,513,513,513,513,513,513,513,513,513,513,513,513,513,513,513,513,513,513,513,513,513,579,579,579,579,579,579,579,579,579,587,587,587,587,587,587,587,587,587,587,587,587,587,587,587,587,
333,333,333,333,333,333,333,333,333,333,333,333,333,333,333,333,333,333,333,333,333,333,333,333,333,333,333,333,333,333,333,333,333,333,333,333,41,41,41,41,41,41,93,93,93,93,93,93,93,93,93,93,93,93,93,93,93,93,93,93,93,93,93,93,93,93,93,93,93,93,578,579,580,578,579,580,41,41,41,41,578,513,513,513,513,513,513,513,513,513,513,513,513,513,513,513,513,513,513,513,513,513,513,579,579,579,579,579,579,579,579,579,587,587,587,587,587,587,587,587,587,587,587,587,587,587,587,587,
333,333,333,333,333,333,333,333,333,333,333,333,333,333,333,333,333,333,333,333,333,333,333,333,333,333,333,333,333,333,333,333,333,333,333,333,41,41,41,41,41,41,93,93,93,93,93,93,93,93,93,93,93,93,93,93,93,93,93,93,93,93,93,93,93,93,93,93,93,93,578,579,580,578,579,580,41,41,41,41,578,513,513,513,513,513,513,513,513,513,513,513,513,513,513,513,513,513,513,513,513,513,513,579,579,579,579,579,579,579,579,579,587,587,587,587,587,587,587,587,587,333,333,333,333,333,333,333,
333,333,333,333,333,333,333,333,333,333,333,333,333,333,333,333,333,333,333,333,333,333,333,333,333,333,333,333,333,333,333,333,333,333,333,333,333,333,333,333,333,333,333,333,333,333,333,333,333,333,333,333,333,333,333,333,333,333,333,333,333,333,333,333,333,333,333,333,333,333,333,333,333,333,333,333,333,333,333,333,333,333,333,333,333,333,333,333,333,333,333,333,333,333,333,333,333,333,333,333,333,333,333,333,333,333,333,333,333,333,333,333,333,333,333,333,333,333,333,333,333,333,333,333,333,333,333,333,
333,333,333,333,333,333,333,333,333,333,333,333,333,333,333,333,333,333,333,333,333,333,333,333,333,333,333,333,333,333,333,333,333,333,333,333,333,333,333,333,333,333,333,333,333,333,333,333,333,333,333,333,333,333,333,333,333,333,333,333,333,333,333,333,333,333,333,333,333,333,333,333,333,333,333,333,333,333,333,333,333,333,333,333,333,333,333,333,333,333,333,333,333,333,333,333,333,333,333,333,333,333,333,333,333,333,333,333,333,333,333,333,333,333,333,333,333,333,333,333,333,333,333,333,333,333,333,333,
333,333,333,333,333,333,333,333,333,333,333,333,333,333,333,333,333,333,333,333,333,333,333,333,333,333,333,333,333,333,333,333,333,333,333,333,333,333,333,333,333,333,333,333,333,333,333,333,333,333,333,333,333,333,333,333,333,333,333,333,333,333,333,333,333,333,333,333,333,333,333,333,333,333,333,333,333,333,333,333,333,333,333,333,333,333,333,333,333,333,333,333,333,333,333,333,333,333,333,333,333,333,333,333,333,333,333,333,333,333,333,333,333,333,333,333,333,333,333,333,333,333,333,333,333,333,333,333

[Player]
# Player 1
type=Alien
location=2,16,1,1

how do i access the specific part of the sprite sheet i use to draw the tntiy